1.0	-0.400799780044234	-0.9725861325028498	-0.8510666096586688	0.09269393931229986	0.9996595645237009	0.07482798781813704	0.09269795303686645	-0.021255412008632124	0.07373668618598772	0.09192414334166132	0.09192414334166132	0.09192414334166132	0.24282143841419324	0.07373668618592977	-0.8248228862345375	0.6090859425451611	0.18007571713834947	0.05592592202009583	0.08125865612597616	0.17771483434621094	0.09210439545109783	0.09466182794851952	0.5554835084952823	0.07373668618592977	0.9999999999999998	0.8430163185213562	0.09191671978484761	0.9999999999999994	0.09191671978484739	0.17972995371729128	0.12113398009268828	0.07210261449802635	-0.18373377520625533	-0.14878974642298415	0.08339590037558353	
-0.400799780044234	1.0	0.4468328856392547	0.18742692836950425	0.21788145422561989	-0.40518447438579286	0.20382410007546614	0.21791418986396416	0.7981755023053725	0.20303591760065476	0.21942889452741543	0.21942889452741543	0.21942889452741543	0.03256387653384507	0.2030359176030757	0.8327348640923055	-0.005914298545380392	0.2776054518901979	0.2078913416734347	0.17984532946067477	0.2813447680139247	0.19950247903808893	0.1833312267374364	0.47145769391080605	0.2030359176030757	-0.4007997800260923	-0.810857580485121	0.21939725429235135	-0.40079978003983907	0.2193972542889614	0.2908689516198868	0.2389222734593156	0.22520386447652718	0.2777921542833527	0.1688162211751354	0.012150370471005645
-0.9725861325028498	0.4468328856392547	1.0	0.8832274555712489	0.11443963359729636	-0.972094319298856	0.11035905811477853	0.11430581125789352	0.07778871605796733	0.11002955972157202	0.11475041402670239	0.11475041402670239	0.11475041402670239	-0.07218092859923564	0.11002955972162132	0.8384350784917739	-0.6135361065872713	-0.17988263868412813	0.12857065023673198	0.09405677425860437	-0.1774994676512085	0.10162813168533169	0.08090919231698235	-0.48551212044065184	0.11002955972162132	-0.9725861324982412	-0.8538124164305132	0.11488148873479753	-0.972586132488217	0.11488148873480242	-0.16956007946355767	0.0562769083988518	0.1345248034743185	0.3635769297295488	0.32761669340243593	0.09687296313311333
-0.8510666096586688	0.18742692836950425	0.8832274555712489	1.0	0.1276584339675575	-0.8474759464463315	0.11813154471871445	0.12722937307462623	0.03002484569801167	0.11770184833640529	0.12771114574379072	0.12771114574379072	0.12771114574379072	-0.07829285681959264	0.11770184833585551	0.628729116875435	-0.5870608365445646	-0.23720069489836404	0.13620507052658182	0.10108983148164641	-0.23909730307371357	0.11140819256468026	0.08617627815517037	-0.5901025845895347	0.11770184833585551	-0.8510666096540809	-0.6464654917847796	0.12813604269982704	-0.851066609641489	0.12813604269993006	-0.22996615622956962	0.05417067954757038	0.1470227963105213	0.34680552367995	0.3353954078264686	0.12401697351220686
0.09269393931229986	0.21788145422561989	0.11443963359729636	0.1276584339675575	1.0	0.09333980840610223	0.8538567324803278	0.9997425610625962	0.24449080513266808	0.8490269130677981	0.9990136906507371	0.9990136906507371	0.9990136906507371	0.8408766681040499	0.8490269130678714	0.07601975596056088	-0.0379916049870197	-0.008106521650713683	0.8518060365167905	0.8531018314274547	-0.007909279190569274	0.9298969410818089	0.8542963443517197	0.3012049801100123	0.8490269130678714	0.09269393932900571	-0.06303261254977799	0.9992297898218296	0.09269393936728576	0.9992297898218296	0.0392727118625974	0.8836600231937211	0.997992967981634	0.8197653926129895	0.826521579356427	0.8790208883426148
0.9996595645237009	-0.40518447438579286	-0.972094319298856	-0.8474759464463315	0.09333980840610223	1.0	0.07518007706031005	0.09328545261704313	-0.02525044216382999	0.07408157126778214	0.0925075270904917	0.0925075270904917	0.0925075270904917	0.24331400231832512	0.07408157126772141	-0.8280561110350706	0.6063767742508581	0.17732239631115487	0.05630222710407429	0.08173027559314927	0.17464912410489897	0.09261896746256804	0.0950957616674678	0.5511510629340892	0.07408157126772141	0.9996595645236781	0.8461966746066688	0.09255874896611693	0.999659564523708	0.09255874896611793	0.17669377221720284	0.12094603599857923	0.0727414826483882	-0.18296639904913836	-0.14659409895817643	0.08588356810488729
0.07482798781813704	0.20382410007546614	0.11035905811477853	0.11813154471871445	0.8538567324803278	0.07518007706031005	1.0	0.8525967268408974	0.23197647498677654	0.9998022907614669	0.8630520636780374	0.8630520636780374	0.8630520636780374	0.8768952486519678	0.999802290761467	0.08761289547264484	-0.021218660307098736	0.012806060453936396	0.9992730889477235	0.9034561290403962	0.013004137617408151	0.9102364969168358	0.9034296445973957	0.25078821341552104	0.999802290761467	0.07482798784341194	-0.07097347175452828	0.8643009017758003	0.0748279878875383	0.8643009017758003	0.04844620099011354	0.866783248152883	0.8637845648973589	0.9066140831993893	0.880633011318454	0.7507563333414683
0.09269795303686645	0.21791418986396416	0.11430581125789352	0.12722937307462623	0.9997425610625962	0.09328545261704313	0.8525967268408974	1.0	0.24457930091856572	0.8477681890170248	0.9992297918276559	0.9992297918276559	0.9992297918276559	0.8419871956799597	0.8477681890170974	0.07607937331355108	-0.037635661377669605	-0.0076888628433899875	0.8505448178321706	0.8543036737714266	-0.00756327359324227	0.9310240524474653	0.8554938642827443	0.3012485706826953	0.8477681890170974	0.09269795305361872	-0.06321918907684054	0.9989309332220802	0.09269795309174644	0.99893093322208	0.03956523589033456	0.8844198357567035	0.9976899343058908	0.8185263077024119	0.8260569460674505	0.8790841553188388
-0.021255412008632124	0.7981755023053725	0.07778871605796733	0.03002484569801167	0.24449080513266808	-0.02525044216382999	0.23197647498677654	0.24457930091856572	1.0	0.23099283116820724	0.24651644139526585	0.24651644139526585	0.24651644139526585	0.05256694257916883	0.2309928311706977	0.5088642621798574	0.2819180442198559	0.38468173067559064	0.23075226639626123	0.20192723849487748	0.3853267992970729	0.2254119736609287	0.210846440332626	0.7229018220503077	0.2309928311706977	-0.021255411985474204	-0.4823632589727125	0.246429569368515	-0.021255412001489837	0.24642956936430882	0.39518539945723186	0.28362474301202323	0.24834577286320925	0.21401022485912435	0.10827290206322626	-0.001672870927264647
0.07373668618598772	0.20303591760065476	0.11002955972157202	0.11770184833640529	0.8490269130677981	0.07408157126778214	0.9998022907614669	0.8477681890170248	0.23099283116820724	1.0	0.8584564366158929	0.8584564366158929	0.8584564366158929	0.8764894276700897	1.0	0.08766974048281861	-0.02088760898766151	0.013350972655403859	0.9991345630810949	0.9029761060307446	0.013549151303547502	0.9077574066997958	0.9029127600673658	0.24890103387125362	1.0	0.07373668621127327	-0.07102748855610508	0.8597049090281119	0.0737366862552703	0.8597049090281118	0.04873073508345471	0.8651438871858923	0.8592096858682059	0.9035344212797882	0.8774271244046551	0.7466628711536092
0.09192414334166132	0.21942889452741543	0.11475041402670239	0.12771114574379072	0.9990136906507371	0.0925075270904917	0.8630520636780374	0.9992297918276559	0.24651644139526585	0.8584564366158929	1.0	1.0	1.0	0.8463704469869068	0.8584564366160325	0.07728430394693375	-0.03760859878975942	-0.006989764829686607	0.8609647077261477	0.8601453911533379	-0.006862190235149779	0.9360038827091931	0.8613144086596944	0.30123076213490274	0.8584564366160325	0.09192414335887167	-0.06397836836961512	0.9997421581936611	0.09192414339674715	0.9997421581936611	0.040101500388035505	0.8874913571266239	0.9986237753863402	0.8262957244484752	0.832613907246292	0.876449666706367
0.09192414334166132	0.21942889452741543	0.11475041402670239	0.12771114574379072	0.9990136906507371	0.0925075270904917	0.8630520636780374	0.9992297918276559	0.24651644139526585	0.8584564366158929	1.0	1.0	1.0	0.8463704469869068	0.8584564366160325	0.07728430394693375	-0.03760859878975942	-0.006989764829686607	0.8609647077261477	0.8601453911533379	-0.006862190235149779	0.9360038827091931	0.8613144086596944	0.30123076213490274	0.8584564366160325	0.09192414335887167	-0.06397836836961512	0.9997421581936611	0.09192414339674715	0.9997421581936611	0.040101500388035505	0.8874913571266239	0.9986237753863402	0.8262957244484752	0.832613907246292	0.876449666706367
0.09192414334166132	0.21942889452741543	0.11475041402670239	0.12771114574379072	0.9990136906507371	0.0925075270904917	0.8630520636780374	0.9992297918276559	0.24651644139526585	0.8584564366158929	1.0	1.0	1.0	0.8463704469869068	0.8584564366160325	0.07728430394693375	-0.03760859878975942	-0.006989764829686607	0.8609647077261477	0.8601453911533379	-0.006862190235149779	0.9360038827091931	0.8613144086596944	0.30123076213490274	0.8584564366160325	0.09192414335887167	-0.06397836836961512	0.9997421581936611	0.09192414339674715	0.9997421581936611	0.040101500388035505	0.8874913571266239	0.9986237753863402	0.8262957244484752	0.832613907246292	0.876449666706367
0.24282143841419324	0.03256387653384507	-0.07218092859923564	-0.07829285681959264	0.8408766681040499	0.24331400231832512	0.8768952486519678	0.8419871956799597	0.05256694257916883	0.8764894276700897	0.8463704469869068	0.8463704469869068	0.8463704469869068	1.0	0.8764894276688986	-0.12625479914028226	0.05593905583402925	0.0010888572479692549	0.8733875444310717	0.9663082032631799	0.0015904683395884245	0.9481003163826485	0.9670278587714917	0.24182203899824106	0.8764894276688986	0.24282143842413473	0.14060076279326172	0.8452346383294779	0.2428214384550138	0.8452346383301972	0.03588887183202594	0.8907760478927278	0.8397747726233906	0.7540655724508483	0.8153658569636353	0.8769543146728356
0.07373668618592977	0.2030359176030757	0.11002955972162132	0.11770184833585551	0.8490269130678714	0.07408157126772141	0.999802290761467	0.8477681890170974	0.2309928311706977	1.0	0.8584564366160325	0.8584564366160325	0.8584564366160325	0.8764894276688986	1.0	0.08766974048386966	-0.020887608986958517	0.013350972656435367	0.9991345630810962	0.9029761060296134	0.013549151304579232	0.907757406699153	0.9029127600662785	0.2489010338729596	1.0	0.07373668621121521	-0.07102748855709229	0.8597049090281832	0.07373668625521235	0.8597049090281831	0.04873073508447123	0.8651438871854329	0.859209685868276	0.9035344212798118	0.8774271244041287	0.7466628711526302
-0.8248228862345375	0.8327348640923055	0.8384350784917739	0.628729116875435	0.07601975596056088	-0.8280561110350706	0.08761289547264484	0.07607937331355108	0.5088642621798574	0.08766974048281861	0.07728430394693375	0.07728430394693375	0.07728430394693375	-0.12625479914028226	0.08766974048386966	1.0	-0.3520740312975539	0.06706542214287625	0.1014642559310267	0.06435096664986562	0.07055426788555808	0.06839310741825	0.05825157726130925	-0.04388621352288391	0.08766974048493381	-0.8248228862214477	-0.9978832015225649	0.077222916329999	-0.8248228862324074	0.07722291632829303	0.07473406377138059	0.0756258643308072	0.0932727960369023	0.2855479439330546	0.19545107602939604	-0.047929583754059424
0.6090859425451611	-0.005914298545380392	-0.6135361065872713	-0.5870608365445646	-0.0379916049870197	0.6063767742508581	-0.021218660307098736	-0.037635661377669605	0.2819180442198559	-0.02088760898766151	-0.03760859878975942	-0.03760859878975942	-0.03760859878975942	0.05593905583402925	-0.020887608986958517	-0.3520740312975539	1.0	0.8643224373596852	-0.018277664303361973	-0.019168811012098663	0.8629053489000816	-0.02758473636418768	-0.021261672751272	0.5766547499939909	-0.02088760898836961	0.6090859425509194	0.3703795067497736	-0.037960108230989054	0.6090859425585929	-0.037960108234219136	0.8588071366119143	0.1003851881063238	-0.0531671758646608	-0.07544644794810762	-0.10586842238475813	-0.00961046417804523
0.18007571713834947	0.2776054518901979	-0.17988263868412813	-0.23720069489836404	-0.008106521650713683	0.17732239631115487	0.012806060453936396	-0.0076888628433899875	0.38468173067559064	0.013350972655403859	-0.006989764829686607	-0.006989764829686607	-0.006989764829686607	0.0010888572479692549	0.013350972656435367	0.06706542214287625	0.8643224373596852	1.0	0.028458522636405248	0.007337408834026671	0.9997230119191013	-0.0014343190484233936	-0.005396419676865438	0.42875907255153367	0.013350972655374216	0.18007571715053639	-0.05189289943075548	-0.007402417018741003	0.1800757171588936	-0.00740241702227773	0.9983330208320647	0.1470325632827565	-0.014993474763182357	0.08816288165643327	0.035204206625368384	0.022871234691905218
0.05592592202009583	0.2078913416734347	0.12857065023673198	0.13620507052658182	0.8518060365167905	0.05630222710407429	0.9992730889477235	0.8505448178321706	0.23075226639626123	0.9991345630810949	0.8609647077261477	0.8609647077261477	0.8609647077261477	0.8733875444310717	0.9991345630810962	0.1014642559310267	-0.018277664303361973	0.028458522636405248	1.0	0.9028712158619164	0.028642453590012273	0.9087162366006434	0.9016260527095116	0.23797207006136434	0.9991345630810962	0.05592592204573399	-0.08521209164400756	0.8622148790950086	0.055925922091221825	0.8622148790950087	0.06409579537781629	0.86839040596778	0.8619008598021874	0.9124387151546057	0.8854716839305705	0.7515802098385345
0.08125865612597616	0.17984532946067477	0.09405677425860437	0.10108983148164641	0.8531018314274547	0.08173027559314927	0.9034561290403962	0.8543036737714266	0.20192723849487748	0.9029761060307446	0.8601453911533379	0.8601453911533379	0.8601453911533379	0.9663082032631799	0.9029761060296134	0.06435096664986562	-0.019168811012098663	0.007337408834026671	0.9028712158619164	1.0	0.0075356316459955774	0.9776941015919094	0.9993139913723919	0.22816769821384186	0.9029761060296052	0.0812586561398222	-0.04935164428719463	0.8589163337996066	0.08125865616329542	0.858916333800545	0.04247525111151307	0.9114561766338569	0.8576891239829125	0.8185430761320561	0.8694236492117637	0.864780150163909
0.17771483434621094	0.2813447680139247	-0.1774994676512085	-0.23909730307371357	-0.007909279190569274	0.17464912410489897	0.013004137617408151	-0.00756327359324227	0.3853267992970729	0.013549151303547502	-0.006862190235149779	-0.006862190235149779	-0.006862190235149779	0.0015904683395884245	0.013549151304579232	0.07055426788555808	0.8629053489000816	0.9997230119191013	0.028642453590012273	0.0075356316459955774	1.0	-0.0012582155713853904	-0.005155481855255273	0.4304879149704236	0.0135491513036059	0.17771483435836966	-0.05544359898126361	-0.0072045291459481575	0.17771483436667246	-0.007204529149480221	0.9986186101036353	0.14725808990144262	-0.014752383418786597	0.08861907358684618	0.034911065802684216	0.02232024492346829
0.09210439545109783	0.19950247903808893	0.10162813168533169	0.11140819256468026	0.9298969410818089	0.09261896746256804	0.9102364969168358	0.9310240524474653	0.2254119736609287	0.9077574066997958	0.9360038827091931	0.9360038827091931	0.9360038827091931	0.9481003163826485	0.907757406699153	0.06839310741825	-0.02758473636418768	-0.0014343190484233936	0.9087162366006434	0.9776941015919094	-0.0012582155713853904	1.0	0.9780068188383176	0.26453073016326245	0.9077574066991391	0.09210439546651628	-0.05315590179090823	0.9348344834106124	0.09210439549437177	0.9348344834112763	0.039198137640450215	0.9236406472055775	0.9336325683180801	0.8460972631102585	0.8874221079806537	0.9007375632395158
0.09466182794851952	0.1833312267374364	0.08090919231698235	0.08617627815517037	0.8542963443517197	0.0950957616674678	0.9034296445973957	0.8554938642827443	0.210846440332626	0.9029127600673658	0.8613144086596944	0.8613144086596944	0.8613144086596944	0.9670278587714917	0.9029127600662785	0.05825157726130925	-0.021261672751272	-0.005396419676865438	0.9016260527095116	0.9993139913723919	-0.005155481855255273	0.9780068188383176	1.0	0.24554581665222952	0.902912760066268	0.09466182796209432	-0.04292521653295833	0.8600895784856704	0.0946618279838568	0.8600895784865201	0.029723189004508765	0.9091821561681603	0.8587353315376378	0.8133070099758326	0.8635966144470212	0.8613961593548176
0.5554835084952823	0.47145769391080605	-0.48551212044065184	-0.5901025845895347	0.3012049801100123	0.5511510629340892	0.25078821341552104	0.3012485706826953	0.7229018220503077	0.24890103387125362	0.30123076213490274	0.30123076213490274	0.30123076213490274	0.24182203899824106	0.2489010338729596	-0.04388621352288391	0.5766547499939909	0.42875907255153367	0.23797207006136434	0.22816769821384186	0.4304879149704236	0.26453073016326245	0.24554581665222952	1.0	0.24890103387169715	0.5554835085087302	0.07412124217331995	0.30118213300293695	0.555483508498505	0.30118213299626595	0.44276487014373445	0.3317754587727404	0.28880988969786925	0.08576866502600955	0.01452559123141739	0.09217575151826718
0.07373668618592977	0.2030359176030757	0.11002955972162132	0.11770184833585551	0.8490269130678714	0.07408157126772141	0.999802290761467	0.8477681890170974	0.2309928311706977	1.0	0.8584564366160325	0.8584564366160325	0.8584564366160325	0.8764894276688986	1.0	0.08766974048493381	-0.02088760898836961	0.013350972655374216	0.9991345630810962	0.9029761060296052	0.0135491513036059	0.9077574066991391	0.902912760066268	0.24890103387169715	1.0	0.07373668621121521	-0.07102748855709229	0.8597049090281832	0.07373668625521235	0.8597049090281831	0.04873073508447123	0.8651438871854329	0.859209685868276	0.9035344212798118	0.8774271244041287	0.7466628711526302
0.9999999999999998	-0.4007997800260923	-0.9725861324982412	-0.8510666096540809	0.09269393932900571	0.9996595645236781	0.07482798784341194	0.09269795305361872	-0.021255411985474204	0.07373668621127327	0.09192414335887167	0.09192414335887167	0.09192414335887167	0.24282143842413473	0.07373668621121521	-0.8248228862214477	0.6090859425509194	0.18007571715053639	0.05592592204573399	0.0812586561398222	0.17771483435836966	0.09210439546651628	0.09466182796209432	0.5554835085087302	0.07373668621121521	1.0	0.8430163185086473	0.09191671980250604	0.9999999999999993	0.0919167198025056	0.17972995372931266	0.12113398010912868	0.07210261451579225	-0.1837337751805581	-0.1487897464011565	0.08339590038238742
0.8430163185213562	-0.810857580485121	-0.8538124164305132	-0.6464654917847796	-0.06303261254977799	0.8461966746066688	-0.07097347175452828	-0.06321918907684054	-0.4823632589727125	-0.07102748855610508	-0.06397836836961512	-0.06397836836961512	-0.06397836836961512	0.14060076279326172	-0.07102748855709229	-0.9978832015225649	0.3703795067497736	-0.05189289943075548	-0.08521209164400756	-0.04935164428719463	-0.05544359898126361	-0.05315590179090823	-0.04292521653295833	0.07412124217331995	-0.07102748855709229	0.8430163185086473	1.0	-0.06379375553558542	0.843016318519878	-0.0637937555340371	-0.05924866920119176	-0.059225267295588635	-0.08138218177304513	-0.27864693197332313	-0.19121116467484067	0.05231274127719099
0.09191671978484761	0.21939725429235135	0.11488148873479753	0.12813604269982704	0.9992297898218296	0.09255874896611693	0.8643009017758003	0.9989309332220802	0.246429569368515	0.8597049090281119	0.9997421581936611	0.9997421581936611	0.9997421581936611	0.8452346383294779	0.8597049090281832	0.077222916329999	-0.037960108230989054	-0.007402417018741003	0.8622148790950086	0.8589163337996066	-0.0072045291459481575	0.9348344834106124	0.8600895784856704	0.30118213300293695	0.8597049090281832	0.09191671980250604	-0.06379375553558542	1.0	0.09191671984005445	1.0	0.03981137158795911	0.8867080492973493	0.9988859005702558	0.8275121544926924	0.8330443003793403	0.8763509846326795
0.9999999999999994	-0.40079978003983907	-0.972586132488217	-0.851066609641489	0.09269393936728576	0.999659564523708	0.0748279878875383	0.09269795309174644	-0.021255412001489837	0.0737366862552703	0.09192414339674715	0.09192414339674715	0.09192414339674715	0.2428214384550138	0.07373668625521235	-0.8248228862324074	0.6090859425585929	0.1800757171588936	0.055925922091221825	0.08125865616329542	0.17771483436667246	0.09210439549437177	0.0946618279838568	0.555483508498505	0.07373668625521235	0.9999999999999993	0.843016318519878	0.09191671984005445	1.0	0.09191671984053473	0.1797299537408622	0.12113398014381449	0.07210261455348543	-0.18373377513418232	-0.14878974636969056	0.08339590040593914
0.09191671978484739	0.2193972542889614	0.11488148873480242	0.12813604269993006	0.9992297898218296	0.09255874896611793	0.8643009017758003	0.99893093322208	0.24642956936430882	0.8597049090281118	0.9997421581936611	0.9997421581936611	0.9997421581936611	0.8452346383301972	0.8597049090281831	0.07722291632829303	-0.037960108234219136	-0.00740241702227773	0.8622148790950087	0.858916333800545	-0.007204529149480221	0.9348344834112763	0.8600895784865201	0.30118213299626595	0.8597049090281831	0.0919167198025056	-0.0637937555340371	1.0	0.09191671984053473	1.0	0.03981137158444836	0.8867080492986642	0.9988859005702558	0.8275121544926923	0.8330443003803608	0.8763509846337718
0.17972995371729128	0.2908689516198868	-0.16956007946355767	-0.22996615622956962	0.0392727118625974	0.17669377221720284	0.04844620099011354	0.03956523589033456	0.39518539945723186	0.04873073508345471	0.040101500388035505	0.040101500388035505	0.040101500388035505	0.03588887183202594	0.04873073508447123	0.07473406377138059	0.8588071366119143	0.9983330208320647	0.06409579537781629	0.04247525111151307	0.9986186101036353	0.039198137640450215	0.029723189004508765	0.44276487014373445	0.04873073508447123	0.17972995372931266	-0.05924866920119176	0.03981137158795911	0.1797299537408622	0.03981137158444836	1.0	0.18550379015629392	0.032230678841932314	0.12355542604126002	0.06954715418988833	0.06157805001155947
0.12113398009268828	0.2389222734593156	0.0562769083988518	0.05417067954757038	0.8836600231937211	0.12094603599857923	0.866783248152883	0.8844198357567035	0.28362474301202323	0.8651438871858923	0.8874913571266239	0.8874913571266239	0.8874913571266239	0.8907760478927278	0.8651438871854329	0.0756258643308072	0.1003851881063238	0.1470325632827565	0.86839040596778	0.9114561766338569	0.14725808990144262	0.9236406472055775	0.9091821561681603	0.3317754587727404	0.8651438871854329	0.12113398010912868	-0.059225267295588635	0.8867080492973493	0.12113398014381449	0.8867080492986642	0.18550379015629392	1.0	0.884362186682472	0.8008522233632395	0.8199228610361504	0.8368470046566735
0.07210261449802635	0.22520386447652718	0.1345248034743185	0.1470227963105213	0.997992967981634	0.0727414826483882	0.8637845648973589	0.9976899343058908	0.24834577286320925	0.8592096858682059	0.9986237753863402	0.9986237753863402	0.9986237753863402	0.8397747726233906	0.859209685868276	0.0932727960369023	-0.0531671758646608	-0.014993474763182357	0.8619008598021874	0.8576891239829125	-0.014752383418786597	0.9336325683180801	0.8587353315376378	0.28880988969786925	0.859209685868276	0.07210261451579225	-0.08138218177304513	0.9988859005702558	0.07210261455348543	0.9988859005702558	0.032230678841932314	0.884362186682472	1.0	0.8364961855481089	0.8414525632812448	0.8751180635545861
-0.18373377520625533	0.2777921542833527	0.3635769297295488	0.34680552367995	0.8197653926129895	-0.18296639904913836	0.9066140831993893	0.8185263077024119	0.21401022485912435	0.9035344212797882	0.8262957244484752	0.8262957244484752	0.8262957244484752	0.7540655724508483	0.9035344212798118	0.2855479439330546	-0.07544644794810762	0.08816288165643327	0.9124387151546057	0.8185430761320561	0.08861907358684618	0.8460972631102585	0.8133070099758326	0.08576866502600955	0.9035344212798118	-0.1837337751805581	-0.27864693197332313	0.8275121544926924	-0.18373377513418232	0.8275121544926923	0.12355542604126002	0.8008522233632395	0.8364961855481089	1.0	0.9682386980264811	0.7590063649991045
-0.14878974642298415	0.1688162211751354	0.32761669340243593	0.3353954078264686	0.826521579356427	-0.14659409895817643	0.880633011318454	0.8260569460674505	0.10827290206322626	0.8774271244046551	0.832613907246292	0.832613907246292	0.832613907246292	0.8153658569636353	0.8774271244041287	0.19545107602939604	-0.10586842238475813	0.035204206625368384	0.8854716839305705	0.8694236492117637	0.034911065802684216	0.8874221079806537	0.8635966144470212	0.01452559123141739	0.8774271244041287	-0.1487897464011565	-0.19121116467484067	0.8330443003793403	-0.14878974636969056	0.8330443003803608	0.06954715418988833	0.8199228610361504	0.8414525632812448	0.9682386980264811	1.0	0.8572708159212741
0.08339590037558353	0.012150370471005645	0.09687296313311333	0.12401697351220686	0.8790208883426148	0.08588356810488729	0.7507563333414683	0.8790841553188388	-0.001672870927264647	0.7466628711536092	0.876449666706367	0.876449666706367	0.876449666706367	0.8769543146728356	0.7466628711526302	-0.047929583754059424	-0.00961046417804523	0.022871234691905218	0.7515802098385345	0.864780150163909	0.02232024492346829	0.9007375632395158	0.8613961593548176	0.09217575151826718	0.7466628711526302	0.08339590038238742	0.05231274127719099	0.8763509846326795	0.08339590040593914	0.8763509846337718	0.06157805001155947	0.8368470046566735	0.8751180635545861	0.7590063649991045	0.8572708159212741	1.0
