1.0	-0.6016476443406387	-0.9895926164387515	-0.9400473153336703	-0.42175137803178836	0.9990805864249105	0.09930433835742482	-0.42308640047522367	-0.24588162019642107	0.1902698273022378	-0.40292135282412495	-0.40292135282412495	-0.40292135282412495	0.14134938936894678	0.19026982730219702	-0.9160498786717338	0.24754718156865643	-0.16746894561878614	0.0501648093360376	-0.08452222568710185	-0.17064616059553347	-0.17952850004168305	-0.06788278357041341	0.2600602759598946	0.19026982730219702	1.0000000000001428	0.7043790663201063	-0.4014938554824592	0.9999999999998369	-0.401493855482398	-0.168436390684309	-0.15772537788871893	-0.4279343868651145	-0.19102585584869167	-0.21612445901400998	-0.37057318300987224	
-0.6016476443406387	1.0	0.27068394227780007	-0.4239758002106889	-0.18402767658724356	-0.6143427205828997	-0.3786137359461661	-0.16870588534096714	0.41431112926721875	-0.37897971362979277	-0.1741920218437206	-0.1741920218437206	-0.1741920218437206	-0.016794504611017513	-0.37897971362932376	0.6749995450562601	-0.15266554592223477	0.06688734623737867	-0.3729866420718886	0.09717350092075175	0.09670850034305699	0.03982154651131873	0.10048134572396014	0.31974205442816267	-0.37897971362932376	-0.6016476443342563	-0.8731189796826446	-0.18941861902411833	-0.6016476443310959	-0.18941861902519905	0.10653414578525139	0.05693333769450968	-0.18631380740159106	-0.33239406105517894	-0.1766217636741194	-0.0711650573324977
-0.9895926164387515	0.27068394227780007	1.0	0.22032749948472924	-0.07683869959164849	-0.9893997571949348	-0.5530063891765588	-0.06760089715608104	-0.5695772355380833	-0.5579723911971023	-0.0811227642456291	-0.0811227642456291	-0.0811227642456291	-0.5003468073646414	-0.5579723911970207	0.7946515573467304	-0.8412876181826622	-0.5655700881795215	-0.5334390072234224	-0.46110239924819907	-0.5604481641149248	-0.37051558987904637	-0.4762772820987066	-0.7510191528118602	-0.5579723911970207	-0.9895926164315536	-0.949776692901178	-0.09030482946850894	-0.9895926164283522	-0.09030482946846816	-0.5385893843612448	-0.4005728926430875	-0.08243544156090812	-0.40142161510133456	-0.3944122468973067	-0.26910531043093955
-0.9400473153336703	-0.4239758002106889	0.22032749948472924	1.0	0.15060154378048388	-0.9391123814190553	-0.4873009826632423	0.14203429940343346	-0.5499503228240048	-0.4940684922945786	0.12715270469075293	0.12715270469075293	0.12715270469075293	-0.5815421185743729	-0.4940684922955981	-0.08055801998293398	-0.8169023672413313	-0.6011186367684843	-0.45415948076118956	-0.46783894222060923	-0.6028001947708649	-0.33608298989861757	-0.4900243413632647	-0.8271838157888343	-0.4940684922955981	-0.9400473153431111	-0.8645914476383333	0.1355151893796605	-0.9400473153303873	0.13551518937978285	-0.5655964976589933	-0.37798765475578866	0.14287489545178958	-0.33926117442897735	-0.3502251328728529	-0.13653608382425603
-0.42175137803178836	-0.18402767658724356	-0.07683869959164849	0.15060154378048388	1.0	-0.42106802764797757	0.3103295668690213	0.9844059586043322	-0.2347621999599438	0.26876682983944133	0.9835234724310296	0.9835234724310296	0.9835234724310296	0.20454564702996275	0.26876682983952294	-0.24211306678897834	-0.2563611049042037	-0.06459251853297164	0.3858227675728784	0.246047928178306	-0.06861908674823719	0.5156329767979488	0.19938476426206433	-0.2724097620614928	0.26876682983952294	-0.4217513779858275	-0.5031100918165087	0.9989653410112798	-0.42175137797579526	0.9989653410112593	0.05159352523511707	0.45399867379086245	0.9991636250248922	0.4319587927656562	0.38244184380793117	0.5940101408672314
0.9990805864249105	-0.6143427205828997	-0.9893997571949348	-0.9391123814190553	-0.42106802764797757	1.0	0.10008077782355378	-0.4225079764942385	-0.2658369906815778	0.1912158500152642	-0.4023374101303607	-0.4023374101303607	-0.4023374101303607	0.13430758606774976	0.19121585001524383	-0.9204180719911197	0.23755716091793436	-0.17539415035039377	0.05092219725712651	-0.09336143596379902	-0.1796870947454059	-0.1843155124533037	-0.07736249999032864	0.2396807736862606	0.19121585001524383	0.999080586425094	0.6987163671781682	-0.4007934310543392	0.9990805864251756	-0.4007934310543392	-0.17699016188126346	-0.16315092846724083	-0.4272181239647217	-0.18977117444982508	-0.21627241606332998	-0.37063127420421216
0.09930433835742482	-0.3786137359461661	-0.5530063891765588	-0.4873009826632423	0.3103295668690213	0.10008077782355378	1.0	0.307244878736461	-0.20386779856999362	0.9300905567225882	0.3444189974049942	0.3444189974049942	0.3444189974049942	0.6618714883393317	0.9300905567226087	-0.5532366486696957	0.14423698866955545	0.025012393106167877	0.9549371471160609	0.48938984296942023	0.018299024487928677	0.5398764239565902	0.47725118350719326	-0.013211373457126368	0.9300905567226087	0.09930433857446434	-0.11774918433867675	0.34764507910078846	0.09930433839027437	0.3476450791007681	0.07976460947761373	0.5390324603226923	0.3365425501799116	0.9168406684278815	0.693842136649822	0.2984776833392426
-0.42308640047522367	-0.16870588534096714	-0.06760089715608104	0.14203429940343346	0.9844059586043322	-0.4225079764942385	0.307244878736461	1.0	-0.2306089699580166	0.26588846634234936	0.9989755509297666	0.9989755509297666	0.9989755509297666	0.21811072332589934	0.26588846634243096	-0.23095049160479214	-0.2531165041196763	-0.0558717885892387	0.38232127624476697	0.2552282581289893	-0.05939343228611503	0.5267611031213012	0.20810355442914286	-0.26605107044664483	0.26588846634243096	-0.4230864004260003	-0.5050883766581028	0.9832293677479325	-0.42308640041623313	0.9832293677479325	0.06161190182011106	0.4647315403310756	0.9834474703284461	0.4288075838864452	0.3852184967397515	0.5989844301994244
-0.24588162019642107	0.41431112926721875	-0.5695772355380833	-0.5499503228240048	-0.2347621999599438	-0.2658369906815778	-0.20386779856999362	-0.2306089699580166	1.0	-0.20181856107578233	-0.22829673782752213	-0.22829673782752213	-0.22829673782752213	0.12375262754163364	-0.2018185610754561	-0.22175606385638796	0.32796854391426017	0.34242796700994166	-0.20404249562851917	0.3726987644512277	0.35553003290527485	0.22458564033844874	0.38640378864128216	0.8219791567250606	-0.2018185610754561	-0.2458816202047813	-0.6484514068991306	-0.2327230058710184	-0.24588162020074392	-0.23272300587242536	0.3609527398024824	0.26244596252007596	-0.23439375563083914	-0.24848818591612465	4.314704140577119E-5	0.05397656855971708
0.1902698273022378	-0.37897971362979277	-0.5579723911971023	-0.4940684922945786	0.26876682983944133	0.1912158500152642	0.9300905567225882	0.26588846634234936	-0.20181856107578233	1.0	0.3037314988640049	0.3037314988640049	0.3037314988640049	0.6813959847891818	1.0000000000000204	-0.5563215262908163	0.1430460392300614	0.0035794181742215994	0.8928329723429719	0.488860368974441	-0.002482372785761381	0.5137134874270677	0.4815532679395984	0.010042950542741761	1.0000000000000204	0.1902698276065499	-0.04453922889769738	0.30674502654603153	0.1902698273398384	0.30674502654599073	0.054317699146627804	0.5164515076500422	0.2922876434956177	0.7890795739790301	0.6479322583905198	0.2664329799533793
-0.40292135282412495	-0.1741920218437206	-0.0811227642456291	0.12715270469075293	0.9835234724310296	-0.4023374101303607	0.3444189974049942	0.9989755509297666	-0.22829673782752213	0.3037314988640049	1.0	1.0	1.0	0.24335522325761835	0.3037314988628834	-0.24145725113073538	-0.2323737678951909	-0.04293162344489827	0.41801352440951545	0.27059319818549066	-0.04674330268447418	0.541377114251852	0.22338880087927335	-0.2550447196964301	0.3037314988628834	-0.40292135276501206	-0.49124973327389493	0.9844043572573324	-0.40292135276968155	0.9844043572573732	0.07457011511082356	0.4796675742813417	0.9840795918042865	0.4597767645308338	0.4084114642512191	0.6002299209147928
-0.40292135282412495	-0.1741920218437206	-0.0811227642456291	0.12715270469075293	0.9835234724310296	-0.4023374101303607	0.3444189974049942	0.9989755509297666	-0.22829673782752213	0.3037314988640049	1.0	1.0	1.0	0.24335522325761835	0.3037314988628834	-0.24145725113073538	-0.2323737678951909	-0.04293162344489827	0.41801352440951545	0.27059319818549066	-0.04674330268447418	0.541377114251852	0.22338880087927335	-0.2550447196964301	0.3037314988628834	-0.40292135276501206	-0.49124973327389493	0.9844043572573324	-0.40292135276968155	0.9844043572573732	0.07457011511082356	0.4796675742813417	0.9840795918042865	0.4597767645308338	0.4084114642512191	0.6002299209147928
-0.40292135282412495	-0.1741920218437206	-0.0811227642456291	0.12715270469075293	0.9835234724310296	-0.4023374101303607	0.3444189974049942	0.9989755509297666	-0.22829673782752213	0.3037314988640049	1.0	1.0	1.0	0.24335522325761835	0.3037314988628834	-0.24145725113073538	-0.2323737678951909	-0.04293162344489827	0.41801352440951545	0.27059319818549066	-0.04674330268447418	0.541377114251852	0.22338880087927335	-0.2550447196964301	0.3037314988628834	-0.40292135276501206	-0.49124973327389493	0.9844043572573324	-0.40292135276968155	0.9844043572573732	0.07457011511082356	0.4796675742813417	0.9840795918042865	0.4597767645308338	0.4084114642512191	0.6002299209147928
0.14134938936894678	-0.016794504611017513	-0.5003468073646414	-0.5815421185743729	0.20454564702996275	0.13430758606774976	0.6618714883393317	0.21811072332589934	0.12375262754163364	0.6813959847891818	0.24335522325761835	0.24335522325761835	0.24335522325761835	1.0	0.6813959847885701	-0.3742406476776395	0.34140276992715773	0.2666260613751438	0.6373670002272517	0.8722294683566636	0.2753140590187363	0.8122540116993135	0.8678086235020449	0.3551898075849043	0.6813959847885701	0.14134938941244032	-0.1469386224854879	0.22967853577422134	0.14134938938841998	0.22967853577281439	0.3304004759979207	0.8318545002474359	0.21795659602566766	0.5243389505112345	0.716809635581319	0.4749197772424751
0.19026982730219702	-0.37897971362932376	-0.5579723911970207	-0.4940684922955981	0.26876682983952294	0.19121585001524383	0.9300905567226087	0.26588846634243096	-0.2018185610754561	1.0000000000000204	0.3037314988628834	0.3037314988628834	0.3037314988628834	0.6813959847885701	1.0	-0.5563215262903678	0.14304603922967396	0.0035794181740176918	0.8928329723429516	0.4888603689738293	-0.0024823727859856794	0.5137134874266396	0.4815532679389051	0.010042950542415508	1.0	0.1902698276065499	-0.04453922889571948	0.30674502654599073	0.1902698273398588	0.30674502654603153	0.054317699146403504	0.516451507649614	0.29228764349565844	0.7890795739789893	0.6479322583899896	0.2664329799531346
-0.9160498786717338	0.6749995450562601	0.7946515573467304	-0.08055801998293398	-0.24211306678897834	-0.9204180719911197	-0.5532366486696957	-0.23095049160479214	-0.22175606385638796	-0.5563215262908163	-0.24145725113073538	-0.24145725113073538	-0.24145725113073538	-0.3742406476776395	-0.5563215262903678	1.0	-0.6308980180143654	-0.33035683719499775	-0.5417642009191068	-0.31560170986024405	-0.31195058678658566	-0.29502306032244774	-0.3209911511094376	-0.376069888632168	-0.5563215262924273	-0.9160498786668401	-0.9939197955048626	-0.25248293707545033	-0.9160498786683285	-0.25248293707606206	-0.3070021503244059	-0.300675795400853	-0.2454272371119226	-0.4310028131810293	-0.3776458195652735	-0.27971202674289264
0.24754718156865643	-0.15266554592223477	-0.8412876181826622	-0.8169023672413313	-0.2563611049042037	0.23755716091793436	0.14423698866955545	-0.2531165041196763	0.32796854391426017	0.1430460392300614	-0.2323737678951909	-0.2323737678951909	-0.2323737678951909	0.34140276992715773	0.14304603922967396	-0.6308980180143654	1.0	0.8102781805765195	0.13189774195153833	0.3514273818347732	0.810702213970888	0.2805791325660253	0.3458967598913284	0.5323513274834385	0.14304603922926615	0.24754718156574057	-0.11846113931644574	-0.23579608592514184	0.24754718156979832	-0.23579608592775186	0.7892887309476672	0.34360772417341096	-0.247563339431156	0.0746959339656403	0.3006120714316713	0.07606246709114531
-0.16746894561878614	0.06688734623737867	-0.5655700881795215	-0.6011186367684843	-0.06459251853297164	-0.17539415035039377	0.025012393106167877	-0.0558717885892387	0.34242796700994166	0.0035794181742215994	-0.04293162344489827	-0.04293162344489827	-0.04293162344489827	0.2666260613751438	0.0035794181740176918	-0.33035683719499775	0.8102781805765195	1.0	0.047886600411218345	0.33754274352324454	0.9967960675209078	0.4162917153408669	0.3061675470936787	0.35466549752973237	0.0035794181639242522	-0.1674689456138312	-0.47512431742449535	-0.05191662213773942	-0.16746894561483033	-0.05191662213996202	0.9893651106880026	0.4639068036596469	-0.05729262365490431	0.06351874479917198	0.3262289482514696	0.3102630649463493
0.0501648093360376	-0.3729866420718886	-0.5334390072234224	-0.45415948076118956	0.3858227675728784	0.05092219725712651	0.9549371471160609	0.38232127624476697	-0.20404249562851917	0.8928329723429719	0.41801352440951545	0.41801352440951545	0.41801352440951545	0.6373670002272517	0.8928329723429516	-0.5417642009191068	0.13189774195153833	0.047886600411218345	1.0	0.48519066043017045	0.040626425425549874	0.5682025828336823	0.46671011320219324	-0.03284090736548797	0.8928329723430739	0.05016480953313494	-0.15500808378460562	0.42166796815771324	0.050164809380673026	0.42166796815773366	0.11093242227676885	0.5594387931622581	0.4118845602070143	0.9132486564998392	0.7008461365915724	0.34404140505393355
-0.08452222568710185	0.09717350092075175	-0.46110239924819907	-0.46783894222060923	0.246047928178306	-0.09336143596379902	0.48938984296942023	0.2552282581289893	0.3726987644512277	0.488860368974441	0.27059319818549066	0.27059319818549066	0.27059319818549066	0.8722294683566636	0.4888603689738293	-0.31560170986024405	0.3514273818347732	0.33754274352324454	0.48519066043017045	1.0	0.3414638691943721	0.8892434908047384	0.9967823157024283	0.4238590297488331	0.4888603689702201	-0.08452222567582575	-0.3969786653616226	0.2611472427838884	-0.0845222256741741	0.26114724278211443	0.40069315513598486	0.9085236749889524	0.2548881708290806	0.42443547794525766	0.7631358581548798	0.6609929450617662
-0.17064616059553347	0.09670850034305699	-0.5604481641149248	-0.6028001947708649	-0.06861908674823719	-0.1796870947454059	0.018299024487928677	-0.05939343228611503	0.35553003290527485	-0.002482372785761381	-0.04674330268447418	-0.04674330268447418	-0.04674330268447418	0.2753140590187363	-0.0024823727859856794	-0.31195058678658566	0.810702213970888	0.9967960675209078	0.040626425425549874	0.3414638691943721	1.0	0.4111671430750022	0.31175526448849583	0.37376294083049866	-0.002482372780969546	-0.1706461605841554	-0.4769002617069178	-0.0562200308875938	-0.17064616058541965	-0.0562200308898164	0.9889830904206369	0.46054762023743223	-0.06153144886493193	0.05602590864409379	0.3127369744717908	0.2953261615268532
-0.17952850004168305	0.03982154651131873	-0.37051558987904637	-0.33608298989861757	0.5156329767979488	-0.1843155124533037	0.5398764239565902	0.5267611031213012	0.22458564033844874	0.5137134874270677	0.541377114251852	0.541377114251852	0.541377114251852	0.8122540116993135	0.5137134874266396	-0.29502306032244774	0.2805791325660253	0.4162917153408669	0.5682025828336823	0.8892434908047384	0.4111671430750022	1.0	0.8554505960188439	0.24734290920101945	0.5137134874223982	-0.17952849999568143	-0.4445167459321885	0.529932186633247	-0.1795285000072634	0.5299321866314526	0.5054274308122856	0.9879268463834356	0.5255707105879108	0.5609043491319757	0.8473439086327823	0.8657314659741321
-0.06788278357041341	0.10048134572396014	-0.4762772820987066	-0.4900243413632647	0.19938476426206433	-0.07736249999032864	0.47725118350719326	0.20810355442914286	0.38640378864128216	0.4815532679395984	0.22338880087927335	0.22338880087927335	0.22338880087927335	0.8678086235020449	0.4815532679389051	-0.3209911511094376	0.3458967598913284	0.3061675470936787	0.46671011320219324	0.9967823157024283	0.31175526448849583	0.8554505960188439	1.0	0.444088515841981	0.48155326793845654	-0.06788278355246952	-0.38520962699418154	0.21441800914765557	-0.06788278354930895	0.2144180091458204	0.365319871694407	0.878866291442568	0.20788494863295473	0.3986415492280324	0.7339654494386484	0.614295742734338
0.2600602759598946	0.31974205442816267	-0.7510191528118602	-0.8271838157888343	-0.2724097620614928	0.2396807736862606	-0.013211373457126368	-0.26605107044664483	0.8219791567250606	0.010042950542741761	-0.2550447196964301	-0.2550447196964301	-0.2550447196964301	0.3551898075849043	0.010042950542415508	-0.376069888632168	0.5323513274834385	0.35466549752973237	-0.03284090736548797	0.4238590297488331	0.37376294083049866	0.24734290920101945	0.444088515841981	1.0	0.010042950550041663	0.26006027590865255	-0.2169069059010985	-0.26156030252478135	0.26006027595759046	-0.26156030252761564	0.3787141499180765	0.29206556765059377	-0.2729664123873788	-0.17023402419410563	0.030483923442917015	-0.04161897737401347
0.19026982730219702	-0.37897971362932376	-0.5579723911970207	-0.4940684922955981	0.26876682983952294	0.19121585001524383	0.9300905567226087	0.26588846634243096	-0.2018185610754561	1.0000000000000204	0.3037314988628834	0.3037314988628834	0.3037314988628834	0.6813959847885701	1.0	-0.5563215262924273	0.14304603922926615	0.0035794181639242522	0.8928329723430739	0.4888603689702201	-0.002482372780969546	0.5137134874223982	0.48155326793845654	0.010042950550041663	1.0	0.1902698276065499	-0.04453922889571948	0.30674502654599073	0.1902698273398588	0.30674502654603153	0.054317699146403504	0.516451507649614	0.29228764349565844	0.7890795739789893	0.6479322583899896	0.2664329799531346
1.0000000000001428	-0.6016476443342563	-0.9895926164315536	-0.9400473153431111	-0.4217513779858275	0.999080586425094	0.09930433857446434	-0.4230864004260003	-0.2458816202047813	0.1902698276065499	-0.40292135276501206	-0.40292135276501206	-0.40292135276501206	0.14134938941244032	0.1902698276065499	-0.9160498786668401	0.24754718156574057	-0.1674689456138312	0.05016480953313494	-0.08452222567582575	-0.1706461605841554	-0.17952849999568143	-0.06788278355246952	0.26006027590865255	0.1902698276065499	1.0	0.7043790664114162	-0.40149385542202093	0.9999999999997349	-0.40149385542198013	-0.1684363906712181	-0.15772537785511492	-0.42793438680698037	-0.19102585566236066	-0.21612445892539162	-0.3705731829707423
0.7043790663201063	-0.8731189796826446	-0.949776692901178	-0.8645914476383333	-0.5031100918165087	0.6987163671781682	-0.11774918433867675	-0.5050883766581028	-0.6484514068991306	-0.04453922889769738	-0.49124973327389493	-0.49124973327389493	-0.49124973327389493	-0.1469386224854879	-0.04453922889571948	-0.9939197955048626	-0.11846113931644574	-0.47512431742449535	-0.15500808378460562	-0.3969786653616226	-0.4769002617069178	-0.4445167459321885	-0.38520962699418154	-0.2169069059010985	-0.04453922889571948	0.7043790664114162	1.0	-0.4892339655875105	0.704379066339294	-0.4892339655820865	-0.47986600441102717	-0.44242052116081776	-0.5111647335996004	-0.34387067252919523	-0.44748604330053543	-0.5102894238964736
-0.4014938554824592	-0.18941861902411833	-0.09030482946850894	0.1355151893796605	0.9989653410112798	-0.4007934310543392	0.34764507910078846	0.9832293677479325	-0.2327230058710184	0.30674502654603153	0.9844043572573324	0.9844043572573324	0.9844043572573324	0.22967853577422134	0.30674502654599073	-0.25248293707545033	-0.23579608592514184	-0.05191662213773942	0.42166796815771324	0.2611472427838884	-0.0562200308875938	0.529932186633247	0.21441800914765557	-0.26156030252478135	0.30674502654599073	-0.40149385542202093	-0.4892339655875105	1.0	-0.401493855414721	0.9999999999999593	0.06427664522573293	0.46862560392189223	0.9996532217269956	0.4630401830043852	0.4054486642929817	0.5949021482519512
0.9999999999998369	-0.6016476443310959	-0.9895926164283522	-0.9400473153303873	-0.42175137797579526	0.9990805864251756	0.09930433839027437	-0.42308640041623313	-0.24588162020074392	0.1902698273398384	-0.40292135276968155	-0.40292135276968155	-0.40292135276968155	0.14134938938841998	0.1902698273398588	-0.9160498786683285	0.24754718156979832	-0.16746894561483033	0.050164809380673026	-0.0845222256741741	-0.17064616058541965	-0.1795285000072634	-0.06788278354930895	0.26006027595759046	0.1902698273398588	0.9999999999997349	0.704379066339294	-0.401493855414721	1.0	-0.4014938554265069	-0.16843639067401164	-0.15772537786161958	-0.42793438680889706	-0.19102585576684306	-0.21612445897141364	-0.37057318299141856
-0.401493855482398	-0.18941861902519905	-0.09030482946846816	0.13551518937978285	0.9989653410112593	-0.4007934310543392	0.3476450791007681	0.9832293677479325	-0.23272300587242536	0.30674502654599073	0.9844043572573732	0.9844043572573732	0.9844043572573732	0.22967853577281439	0.30674502654603153	-0.25248293707606206	-0.23579608592775186	-0.05191662213996202	0.42166796815773366	0.26114724278211443	-0.0562200308898164	0.5299321866314526	0.2144180091458204	-0.26156030252761564	0.30674502654603153	-0.40149385542198013	-0.4892339655820865	0.9999999999999593	-0.4014938554265069	1.0	0.0642766452233676	0.46862560392009783	0.9996532217269956	0.46304018300442595	0.40544866429124854	0.5949021482510743
-0.168436390684309	0.10653414578525139	-0.5385893843612448	-0.5655964976589933	0.05159352523511707	-0.17699016188126346	0.07976460947761373	0.06161190182011106	0.3609527398024824	0.054317699146627804	0.07457011511082356	0.07457011511082356	0.07457011511082356	0.3304004759979207	0.054317699146403504	-0.3070021503244059	0.7892887309476672	0.9893651106880026	0.11093242227676885	0.40069315513598486	0.9889830904206369	0.5054274308122856	0.365319871694407	0.3787141499180765	0.054317699146403504	-0.1684363906712181	-0.47986600441102717	0.06427664522573293	-0.16843639067401164	0.0642766452233676	1.0	0.5420143479009615	0.05900717289938997	0.126971486037075	0.3842678814914619	0.39852408203239614
-0.15772537788871893	0.05693333769450968	-0.4005728926430875	-0.37798765475578866	0.45399867379086245	-0.16315092846724083	0.5390324603226923	0.4647315403310756	0.26244596252007596	0.5164515076500422	0.4796675742813417	0.4796675742813417	0.4796675742813417	0.8318545002474359	0.516451507649614	-0.300675795400853	0.34360772417341096	0.4639068036596469	0.5594387931622581	0.9085236749889524	0.46054762023743223	0.9879268463834356	0.878866291442568	0.29206556765059377	0.516451507649614	-0.15772537785511492	-0.44242052116081776	0.46862560392189223	-0.15772537786161958	0.46862560392009783	0.5420143479009615	1.0	0.4638426601062555	0.5499598951343657	0.8501862930665955	0.8380960409404893
-0.4279343868651145	-0.18631380740159106	-0.08243544156090812	0.14287489545178958	0.9991636250248922	-0.4272181239647217	0.3365425501799116	0.9834474703284461	-0.23439375563083914	0.2922876434956177	0.9840795918042865	0.9840795918042865	0.9840795918042865	0.21795659602566766	0.29228764349565844	-0.2454272371119226	-0.247563339431156	-0.05729262365490431	0.4118845602070143	0.2548881708290806	-0.06153144886493193	0.5255707105879108	0.20788494863295473	-0.2729664123873788	0.29228764349565844	-0.42793438680698037	-0.5111647335996004	0.9996532217269956	-0.42793438680889706	0.9996532217269956	0.05900717289938997	0.4638426601062555	1.0	0.4588841576705734	0.40186611055249355	0.5947724702817964
-0.19102585584869167	-0.33239406105517894	-0.40142161510133456	-0.33926117442897735	0.4319587927656562	-0.18977117444982508	0.9168406684278815	0.4288075838864452	-0.24848818591612465	0.7890795739790301	0.4597767645308338	0.4597767645308338	0.4597767645308338	0.5243389505112345	0.7890795739789893	-0.4310028131810293	0.0746959339656403	0.06351874479917198	0.9132486564998392	0.42443547794525766	0.05602590864409379	0.5609043491319757	0.3986415492280324	-0.17023402419410563	0.7890795739789893	-0.19102585566236066	-0.34387067252919523	0.4630401830043852	-0.19102585576684306	0.46304018300442595	0.126971486037075	0.5499598951343657	0.4588841576705734	1.0	0.7602221723464027	0.40337373374611324
-0.21612445901400998	-0.1766217636741194	-0.3944122468973067	-0.3502251328728529	0.38244184380793117	-0.21627241606332998	0.693842136649822	0.3852184967397515	4.314704140577119E-5	0.6479322583905198	0.4084114642512191	0.4084114642512191	0.4084114642512191	0.716809635581319	0.6479322583899896	-0.3776458195652735	0.3006120714316713	0.3262289482514696	0.7008461365915724	0.7631358581548798	0.3127369744717908	0.8473439086327823	0.7339654494386484	0.030483923442917015	0.6479322583899896	-0.21612445892539162	-0.44748604330053543	0.4054486642929817	-0.21612445897141364	0.40544866429124854	0.3842678814914619	0.8501862930665955	0.40186611055249355	0.7602221723464027	1.0	0.7266714772337007
-0.37057318300987224	-0.0711650573324977	-0.26910531043093955	-0.13653608382425603	0.5940101408672314	-0.37063127420421216	0.2984776833392426	0.5989844301994244	0.05397656855971708	0.2664329799533793	0.6002299209147928	0.6002299209147928	0.6002299209147928	0.4749197772424751	0.2664329799531346	-0.27971202674289264	0.07606246709114531	0.3102630649463493	0.34404140505393355	0.6609929450617662	0.2953261615268532	0.8657314659741321	0.614295742734338	-0.04161897737401347	0.2664329799531346	-0.3705731829707423	-0.5102894238964736	0.5949021482519512	-0.37057318299141856	0.5949021482510743	0.39852408203239614	0.8380960409404893	0.5947724702817964	0.40337373374611324	0.7266714772337007	1.0
